0 0.47840031737493205 0.23559439135283128 0.11358656129192446 0.1681382548948405
0 0.5676898249345279 0.32355083278324337 0.10740712729892643 0.17343986800255287
0 0.47909904916658674 0.3824783417041055 0.09738262084584087 0.1382283766180994
0 0.3708286383928404 0.322083104799408 0.12110961391312064 0.18726794015988804
0 0.3153993480868712 0.603819670582552 0.1149380596049841 0.17801150533250043
0 0.4250635873537897 0.6000887824097081 0.11169761552758589 0.14849248510807644
0 0.5325780368155915 0.5572678168404482 0.11806185569315542 0.17597154170080165
0 0.2983030793910497 0.7178540629963828 0.09432698294101421 0.14149002609411276
0 0.3780831511620705 0.699987827792306 0.08300044523268618 0.12674270320948422
0 0.6038588101626103 0.6904983959681791 0.10078302034451347 0.12651662472585246
0 0.6079031192458915 0.5553263184348284 0.07979370884338166 0.15667719779274508
0 0.5707173286650866 0.06899359889308027 0.10260478517744254 0.13798719778616053
0 0.5788999996695104 0.17703808486031977 0.10770046733108574 0.13465210479748146
0 0.6549090823447805 0.10552384525040365 0.08062449632682023 0.12766195393677765
0 0.6490520331588596 0.02879389312002285 0.06545288615840461 0.0575877862400457
