0 0.44672202053144605 0.6161382539889848 0.14629896762658956 0.10045304518930565
0 0.5162365599139654 0.7235362597982924 0.12848221937118293 0.08054382069051447
0 0.5640776031013331 0.6474360788227579 0.1176909435732798 0.08138102915376577
0 0.5696595404472293 0.7008850961549761 0.1077542837523654 0.07256658123448223
0 0.3365646680638763 0.6131280687836367 0.1152601094322418 0.0739196728499153
0 0.22907873722706223 0.5937346432598773 0.12829549887240652 0.09429153289634218
0 0.2077354501710334 0.65600777419872 0.11114664609521205 0.07847836422084364
0 0.4498486860319227 0.516905799156852 0.10911651718468252 0.07347444481601662
0 0.5670045774615253 0.511305759971369 0.12829549887240643 0.09429153289634207
0 0.34292407935928637 0.46357187556915685 0.13823215869332106 0.10310598081562594
0 0.4847213478669672 0.44028053978488724 0.15097325393491912 0.09188734360186435
0 0.7243089760731433 0.39672486422661674 0.11782445855608548 0.08219984712852058
0 0.7290492680835587 0.46296001213549 0.13777774675396326 0.07797993067097403
0 0.7811891619834916 0.5015492722404682 0.11459221395402996 0.06982361702662265
0 0.845617733783876 0.44571351521608416 0.11742375332557675 0.07974241022949696
0 0.8305668499354155 0.37790266167482855 0.11809164880378886 0.0838384660527896
0 0.9414321724735684 0.368946517253036 0.1122418495619183 0.07774859185286864
0 0.8643710713438315 0.3078299120504207 0.11416490596553541 0.07464944521789008
0 0.7463336304417696 0.3150240473567826 0.1239414480456591 0.0899283402527104
0 0.6374585326771676 0.30796232913153143 0.11074594086470324 0.07602092732182003
0 0.17259144794328565 0.10146317633071776 0.10051548803809988 0.07285112556855852
0 0.5944113177536716 0.44615707938925686 0.10420164338663529 0.07311826238889768
