0 0.44326253049164854 0.2776071399232431 0.11496062576610416 0.16989551505730352
0 0.5346037983565057 0.3793343389452254 0.10810794154965664 0.17616225116439332
0 0.4380034821788489 0.433842893017863 0.09880603787133979 0.13930007423552493
0 0.32535493306457536 0.3596745186426823 0.12224357649164841 0.18972841463238593
0 0.25490851576318074 0.6541293271847126 0.11600237223067289 0.18036762641035942
0 0.37165934307566506 0.6602449901331662 0.11374677269789696 0.14898354943137893
0 0.48772174397359475 0.6246012359901437 0.11943999299433761 0.17788676861086183
0 0.23207157448150628 0.7738023642017908 0.09539097441855704 0.14308595254311707
0 0.3176262376794673 0.7621413629531434 0.08384378971932765 0.12831161725556273
0 0.5580655858372754 0.7728095729764743 0.10294119189229589 0.1264116192433452
0 0.5678890106947008 0.62946231359802 0.07916169571926379 0.1607425419291847
0 0.54836650165124 0.105262985422643 0.10413353163504863 0.14601860308516154
0 0.5525095925753953 0.2245881566061212 0.11002947870331925 0.1344996440374644
0 0.6362469856069866 0.15554025266086752 0.08125533947656549 0.12951978907512457
0 0.6334575843664949 0.06554491453964624 0.06725893531546667 0.07161654075161178
