0 0.4658724078456664 0.6931047871869422 0.1606022390968493 0.11036437528045406
0 0.5454426357905628 0.8116467499170796 0.14121896246499632 0.0883772675606056
0 0.5968568435526304 0.7266872432476026 0.12918423523277545 0.08941903937107121
0 0.6042464468128435 0.7859700304761685 0.11832159758176586 0.07970544864673745
0 0.3435105156237203 0.690855377447545 0.1266480819461132 0.08113583874818786
0 0.22374882006607555 0.6703910942309191 0.14069696105202992 0.10368662168235021
0 0.20144341741550578 0.7397372754928025 0.12196377258842234 0.08625350554944666
0 0.46712934982931764 0.5829076814331811 0.11981764100097153 0.08070248130461966
0 0.5970687704685591 0.5755287685287311 0.14069696105202978 0.10368662168234999
0 0.34723349406565956 0.5247576970086263 0.15155959870303926 0.11340021240668413
0 0.5041345759871587 0.49749385115207084 0.16600254847532347 0.10077938838096367
0 0.7691485989661364 0.44676309827912547 0.12931419046295267 0.09032940054023986
0 0.7758891262998935 0.5202491659065485 0.15162769104783502 0.0854281019230893
0 0.834634967395269 0.5625731951688819 0.1259979937778679 0.07658184716124283
0 0.9049165238269572 0.4999463893035564 0.12892416876374158 0.08759722416218313
0 0.8866942021166362 0.4248132528528994 0.12957425693198665 0.09215121574912816
0 0.9739875531262725 0.41377083623315947 0.052024893747455114 0.08542981586899173
0 0.9226594744157004 0.34668449766623977 0.12541194898726216 0.08195952842864246
0 0.7917769432129107 0.3558418900352208 0.13594860831669964 0.09887261562926447
0 0.6707481832537239 0.3490818244532353 0.1215737508892113 0.08352132917138999
0 0.15005332754853296 0.12444029920413828 0.11025502367777303 0.08009578088362443
0 0.6260415468991449 0.5029300714188336 0.11435328824485802 0.08035579534976517
