0 0.5304170000000001 0.230625 0.10750000000000004 0.15875
0 0.4445829999999999 0.33124999999999993 0.10083300000000006 0.16499999999999998
0 0.537917 0.38 0.09250000000000003 0.13
0 0.644583 0.305 0.11416699999999991 0.1775
0 0.7166669999999999 0.584375 0.10833300000000001 0.16874999999999996
0 0.605 0.5943750000000001 0.10666699999999996 0.13875000000000004
0 0.493333 0.564375 0.11166699999999996 0.16625
0 0.740417 0.698125 0.089167 0.13375000000000004
0 0.658333 0.69 0.07833299999999999 0.12
0 0.428333 0.70875 0.09666699999999995 0.11750000000000005
0 0.41666700000000007 0.571875 0.07333299999999998 0.15124999999999994
0 0.42708299999999993 0.069375 0.09750000000000003 0.13625
0 0.425 0.18375 0.10333300000000001 0.125
0 0.34375 0.120625 0.07583300000000004 0.12125
0 0.34500000000000003 0.034375 0.06333299999999997 0.06625
