0 0.5112804416662805 0.2503384883998313 0.11399791783934976 0.16905144570765193
0 0.5807411747925035 0.36126836842170673 0.10845419666450218 0.17338155486551315
0 0.4902126908246752 0.3862247961450372 0.09746548900047575 0.13938922482090932
0 0.399148019604404 0.29443577285193334 0.1219122939071915 0.18773162940300867
0 0.3063089931739401 0.5361960296290502 0.11571288275441657 0.1784332908462669
0 0.4081403460983539 0.5692252995645755 0.1113346909670852 0.15046548342775
0 0.513764746851558 0.5654381009349517 0.11854446992002243 0.17684360026813706
0 0.27366273520025985 0.6358255872774167 0.09475335499123386 0.1421296434006405
0 0.34998427318302444 0.6458605973614087 0.08347775428921644 0.12716245157140793
0 0.5599009762628835 0.7121908732863009 0.10011551716675293 0.12877314509881999
0 0.5836178348590519 0.5886985653132832 0.08183901433481555 0.15485852293608293
0 0.6216809897938695 0.12396933224071503 0.10266021129436798 0.14620859273606115
0 0.6127524612589516 0.2296858487169765 0.10696217812103326 0.13709848365128818
0 0.6935218166367199 0.188920273167621 0.08129525774854451 0.127779568863145
0 0.7005500613748887 0.10926806414855741 0.06457467055734833 0.07448993783144725
