0 0.3666764953055295 0.5894910277885043 0.16740642677685713 0.11367096392271114
0 0.4001939728921436 0.7032910649709213 0.14454276468260785 0.09274494749538698
0 0.47052873746929436 0.6362520381332969 0.13485518674988745 0.09197013723806458
0 0.45909627277072707 0.6888241311162292 0.12284234701026725 0.08241177452598691
0 0.2608859922453221 0.5711478787009218 0.13020491061258047 0.08473659433691383
0 0.16284618691697825 0.5373039941001244 0.14880581718061436 0.10540391633482882
0 0.12254365521456273 0.5946557794854452 0.1278799457774717 0.08835331629219079
0 0.4009731665466296 0.4937757848079222 0.12439225104831614 0.08344483721674567
0 0.5162580167220843 0.5047559712675582 0.1488058171806143 0.10540391633482865
0 0.31417153612323434 0.4271232422433654 0.16081865692023462 0.11496227904690659
0 0.45890742745994556 0.4244118886640722 0.16895613283371202 0.10643717700678168
0 0.7047841396631395 0.4157595412285727 0.1352425588750834 0.09274484850478987
0 0.6885073812577887 0.4806031254101949 0.1522930664520834 0.09171198379522516
0 0.7268702414477538 0.525296535899656 0.12826711992147377 0.08086117795222769
0 0.8068927025230985 0.4802160011599601 0.134079977466932 0.09041978467908413
0 0.813675311794396 0.412401718607327 0.1360177681580389 0.09429520106377048
0 0.9239222714036277 0.4192490177884749 0.1286551055651285 0.08783695644949929
0 0.8685096656410172 0.3492373726483388 0.12942975082492347 0.08525295417960543
0 0.7518683402261805 0.3396783630356664 0.14338043075094908 0.10075344567804156
0 0.6485968938135063 0.31758897327541447 0.12671736436932046 0.0860282524664851
0 0.2632210046260298 0.05239811635137721 0.11625452765834615 0.08163637724851021
0 0.5633418955656851 0.4454669921979579 0.11974212339690471 0.08241143152061103
