0 0.556875 0.35875 0.13375000000000004 0.09250000000000003
0 0.46937500000000004 0.25583300000000003 0.11875000000000002 0.07333299999999998
0 0.4337499999999999 0.33583300000000005 0.10750000000000004 0.07499999999999996
0 0.419375 0.2825 0.09875 0.06666700000000003
0 0.668125 0.35374999999999995 0.10624999999999996 0.0675
0 0.7793749999999999 0.36541699999999994 0.11625000000000008 0.08750000000000002
0 0.790625 0.30125 0.10125000000000006 0.07250000000000001
0 0.5700000000000001 0.45874999999999994 0.09999999999999998 0.0675
0 0.453125 0.47291700000000003 0.11624999999999996 0.08749999999999991
0 0.68625 0.504583 0.125 0.09583299999999995
0 0.5475 0.538333 0.1399999999999999 0.08333299999999999
0 0.3137499999999999 0.599583 0.10750000000000004 0.07583299999999993
0 0.2981249999999999 0.533333 0.12875000000000003 0.07000000000000006
0 0.239375 0.49833299999999997 0.10624999999999996 0.06333299999999997
0 0.1837499999999999 0.559167 0.10750000000000004 0.07333299999999998
0 0.2099999999999999 0.62625 0.10750000000000004 0.07750000000000012
0 0.09999999999999998 0.643333 0.10250000000000004 0.07166699999999993
0 0.1875 0.699167 0.10499999999999998 0.06833299999999998
0 0.30500000000000005 0.683333 0.11250000000000004 0.08333299999999999
0 0.415625 0.6825 0.10125000000000006 0.07000000000000006
0 0.916875 0.85625 0.09125000000000005 0.0675
0 0.43625 0.5404169999999999 0.09499999999999997 0.0675
