0 0.469583 0.7693749999999999 0.10749999999999998 0.15875000000000006
0 0.555417 0.66875 0.10083300000000006 0.16499999999999992
0 0.462083 0.62 0.09250000000000003 0.13000000000000012
0 0.355417 0.695 0.11416700000000002 0.1775
0 0.283333 0.415625 0.10833300000000001 0.16874999999999996
0 0.395 0.40562499999999996 0.10666700000000001 0.13875000000000004
0 0.506667 0.43562500000000004 0.11166699999999996 0.16625
0 0.259583 0.301875 0.089167 0.13375000000000004
0 0.341667 0.3100000000000001 0.07833299999999999 0.12
0 0.5716669999999999 0.29124999999999995 0.09666699999999995 0.11750000000000005
0 0.5833329999999999 0.428125 0.07333299999999998 0.15124999999999988
0 0.5729170000000001 0.930625 0.09750000000000003 0.13624999999999998
0 0.575 0.81625 0.10333300000000001 0.125
0 0.65625 0.879375 0.07583300000000004 0.12124999999999997
0 0.655 0.965625 0.06333299999999997 0.06625000000000003
