0 0.5597037322029939 0.24188302712224694 0.1451512342384445 0.21673737942896348
0 0.6026941107803268 0.3920290299428337 0.14130996024316178 0.21740723386699623
0 0.5052329474419223 0.367436018890282 0.1227817401917235 0.18070945853712383
0 0.4357618910714846 0.22472768789224648 0.15700844114811818 0.2379861436495498
0 0.28298457245764996 0.41766440566422836 0.14908793577790608 0.22610578138300297
0 0.37768165488197414 0.5069922193952925 0.13800815953322654 0.1986015300114764
0 0.4852042299693239 0.5612502432725661 0.15120940947078038 0.22631918034743326
0 0.22568938997148297 0.5002600639564344 0.12106193988931502 0.18159271193958682
0 0.3002612839276235 0.5523546982534211 0.10715452420450083 0.16172145612984024
0 0.4959006259011256 0.7347234735752782 0.12242716909254664 0.17275636452869825
0 0.550015962818274 0.6231352850234744 0.11279071661576573 0.18551255964163815
0 0.7020040411196052 0.17505659383396477 0.12916944715204504 0.18979628301325457
0 0.6671574073429027 0.2768370211406078 0.13067632944599805 0.18414102891894374
0 0.7586331485922517 0.28010901846407854 0.1053634589843585 0.16101380215703331
0 0.7851921862139696 0.2035879916389737 0.07676909724338876 0.10377491657938148
