0 0.4399042226275257 0.6406560482437732 0.13584798514599883 0.09384749518453828
0 0.5250425532365963 0.7444496675324592 0.12041178480585357 0.07453039441745035
0 0.5624913143995603 0.6648207199418883 0.1092011787864624 0.07608295761151396
0 0.5756460579571225 0.7182935098954288 0.10026179591633466 0.0676620684332
0 0.3285528865136971 0.6445257278552696 0.10777995871261947 0.06857113405454063
0 0.21758236934837666 0.6317303411812232 0.1182357721058871 0.08867036333220857
0 0.20486754333402007 0.6957756530910981 0.102894782215039 0.07351977910750129
0 0.42906561339089455 0.5405343663321767 0.1015306838410383 0.06850766549916032
0 0.5462507507381277 0.527555871980877 0.1182357721058871 0.08867036333220857
0 0.31387632432703305 0.4935261687718353 0.12717515497601478 0.09709125251052259
0 0.45338136942400425 0.4611890863947389 0.1418878061685983 0.08474502730027295
0 0.6885037312672733 0.4023199166244654 0.10922021173684981 0.0769158609663983
0 0.7026131934004071 0.4687209016516761 0.13033446995015385 0.07129933080254203
0 0.7605566733954785 0.5043134453531048 0.10768474826332242 0.06440461751216009
0 0.8175651963478314 0.4440513734899464 0.10916309003700775 0.07441615101776589
0 0.7928509998833972 0.37670958856370507 0.1092583004863048 0.07858266756014648
0 0.903228561622587 0.36074561711740216 0.10412560423896788 0.07269956946369299
0 0.8170144466160476 0.3040295352333009 0.1065491366886907 0.06939134369834882
0 0.6991662930322016 0.31866848932281056 0.1143909967336415 0.08446576565659991
0 0.588535094854828 0.31837799924746435 0.10283766051519683 0.07102006915886888
0 0.09131320829305634 0.1395579796760124 0.09278169902082467 0.06841880952162793
0 0.5646660787871369 0.46023506846732753 0.09653126394377343 0.0684568906548561
