0 0.6271428571428572 0.8128571428571428 0.3057142857142857 0.31714285714285717
0 0.892857142857143 0.8814291428571428 0.21428571428571408 0.2371417142857143
0 0.3728571428571429 0.8300000000000002 0.24285714285714283 0.23142857142857176
0 0.12571428571428572 0.7899988571428574 0.25142857142857145 0.30000000000000004
0 0.10428571428571429 0.9428571428571428 0.20857142857142857 0.11428571428571432
0 0.5971428571428572 0.4700000000000003 0.22857142857142854 0.23142857142857148
0 0.8642857142857143 0.4214274285714284 0.2657142857142857 0.2999999999999997
0 0.3314285714285714 0.3128582857142856 0.2857142857142858 0.3285702857142857
0 0.6485714285714286 0.19714399999999993 0.32000000000000006 0.28571314285714267
0 0.8971428571428571 0.18999885714285716 0.20571428571428574 0.23142857142857126
