0 0.443125 0.64125 0.13375000000000004 0.09250000000000003
0 0.530625 0.744167 0.11874999999999997 0.07333299999999998
0 0.5662500000000001 0.664167 0.10750000000000004 0.07499999999999996
0 0.580625 0.7175 0.09875 0.06666700000000003
0 0.33187500000000003 0.64625 0.10625000000000001 0.0675
0 0.220625 0.6345830000000001 0.11625000000000002 0.08750000000000002
0 0.209375 0.69875 0.10125 0.07250000000000001
0 0.43 0.54125 0.09999999999999998 0.0675
0 0.546875 0.527083 0.11624999999999996 0.08749999999999997
0 0.31375 0.49541699999999994 0.125 0.09583299999999995
0 0.4525 0.461667 0.13999999999999996 0.08333299999999999
0 0.68625 0.400417 0.10750000000000004 0.07583299999999998
0 0.701875 0.46666700000000005 0.12875000000000003 0.07000000000000006
0 0.760625 0.501667 0.10624999999999996 0.06333300000000003
0 0.8162500000000001 0.440833 0.10750000000000004 0.07333299999999998
0 0.79 0.37375 0.10750000000000004 0.07750000000000001
0 0.9 0.35666699999999996 0.10250000000000004 0.07166699999999998
0 0.8125 0.300833 0.10499999999999998 0.06833299999999998
0 0.695 0.316667 0.11250000000000004 0.08333299999999999
0 0.584375 0.3175 0.10125000000000006 0.07
0 0.083125 0.14375 0.09125 0.0675
0 0.56375 0.459583 0.09499999999999997 0.0675
