0 0.44382176980219573 0.3037161791558479 0.13254662446975407 0.19731021658005082
0 0.5441321195235422 0.35556620948486384 0.12772787382276546 0.19989557336336478
0 0.46848388611581515 0.4448415817713679 0.11265715128623782 0.1637017064933255
0 0.35440497819601785 0.4264954548898734 0.14264886410993038 0.2177472945323216
0 0.3470660002756917 0.718048114912675 0.13542712759241882 0.206915293644104
0 0.4520132446577081 0.6741578659207057 0.12755272574981458 0.17849616562176396
0 0.5485069066506245 0.5934317213518008 0.13796905058943765 0.20619841387784132
0 0.3492345621958889 0.8340936506825234 0.11038032363626771 0.16557018351037667
0 0.4231083695865323 0.7875792674469466 0.0974974023730017 0.1477561256281078
0 0.6388773858988019 0.6954778713396561 0.1138527862113714 0.1541719560026482
0 0.6206934726061141 0.5638826947288228 0.09949727666736896 0.17415659900065433
0 0.5049032766348134 0.10608471046534426 0.11858251048165164 0.17183488522415602
0 0.5309934680408146 0.21042185369909133 0.12157653490722387 0.16424846280989644
0 0.5924755712236667 0.11365469272905716 0.09545933334910273 0.14771846234141997
0 0.5730964124603908 0.04019213790296126 0.07232444019629802 0.08038427580592251
