0 0.4546561227805747 0.6437028359532593 0.1662832806393887 0.11363126816544178
0 0.5762553305972731 0.7383875497517861 0.14497706694276857 0.09179354184350208
0 0.5889202988909062 0.650864872744481 0.13384596944379878 0.09200639403504851
0 0.6199063597963728 0.70409173995744 0.12227804042790036 0.08221290812816984
0 0.3411108107184322 0.6638178589303667 0.1302864217202896 0.08408186674101048
0 0.2225281132679653 0.6666956087112371 0.1466733203660481 0.10610945679491346
0 0.230286833178864 0.7345693134046164 0.12662652857577872 0.08858130732595981
0 0.41085833376437186 0.5420443148321742 0.12382257354866422 0.0832423193005718
0 0.527450501881837 0.5116930437683855 0.14667332036604808 0.10610945679491335
0 0.2767783257505955 0.5102586887043149 0.15824124938194664 0.11590294270179219
0 0.41007525375935033 0.45671595539980087 0.1699765215118738 0.10499016021559393
0 0.6333111543164689 0.3619711690454685 0.13409773293023786 0.09286789571936271
0 0.669493981199993 0.42838909106360124 0.15431186783453588 0.08968977679523954
0 0.740832451762798 0.4566948948845806 0.12902699981393884 0.07977228988802437
0 0.7799744100532731 0.38630744431705155 0.13334214023384305 0.09028235645071264
0 0.732551277791547 0.3204552512633504 0.13460156214019414 0.0945919333036988
0 0.8411518895991493 0.2880117093810907 0.1276675347236651 0.08788771512973323
0 0.7337829101521923 0.242020973736906 0.129245415572403 0.08477545893723679
0 0.6170481864275206 0.27418023712907424 0.14153558955672219 0.10129615147766413
0 0.50288983727619 0.28990172850915163 0.12587093587938414 0.08599576805730974
0 0.5245018891425676 0.4396167054256471 0.11865149501136374 0.08257068134822088
